$ 1 5.0E-6 10.20027730826997 50 5.0 50
t 304 240 336 240 0 1 -4.9999999995 -5.0E-10 100.0
R 272 112 224 112 0 0 40.0 5.0 0.0 0.0 0.5
r 304 240 240 240 0 10000.0
L 240 176 208 176 0 0 false 5.0 0.0
M 368 256 432 256 0 2.5
r 304 176 240 176 0 10000.0
t 304 176 336 176 0 1 -4.9999999995 -5.0E-10 100.0
w 336 112 336 160 0
r 336 256 336 320 0 10000.0
g 336 320 336 336 0
L 240 240 208 240 0 0 false 5.0 0.0
w 336 112 400 112 0
w 400 112 400 224 0
w 336 224 400 224 0
w 336 192 368 192 0
w 368 192 368 256 0
w 336 256 368 256 0
w 272 112 336 112 1
